1 331
2 331
3 331
4 331
5 331
6 331
7 331
8 331
9 331
10 331
11 331
12 331
13 331
14 331
15 331
16 331
17 331
18 331
19 331
20 331
21 331
22 331
23 331
24 331
25 331
26 331
27 331
28 331
1 332
2 332
3 332
29 332
4 332
5 332
6 332
7 332
8 332
9 332
10 332
11 332
12 332
13 332
14 332
15 332
30 332
16 332
17 332
18 332
19 332
20 332
21 332
22 332
23 332
24 332
25 332
26 332
27 332
28 332
31 332
32 332
33 331
34 331
35 331
36 331
37 331
38 331
39 331
40 331
41 331
42 331
43 331
44 331
45 331
46 331
47 331
48 331
49 331
30 333
50 333
51 333
52 333
53 333
52 331
53 331
54 331
55 331
56 331
57 331
58 331
59 331
60 331
61 331
62 331
63 331
64 331
65 331
66 331
67 331
68 331
69 331
70 331
71 331
72 331
73 331
74 331
75 331
76 331
77 331
78 331
79 331
80 331
80 333
81 331
82 331
83 333
84 333
85 333
86 333
87 333
88 333
89 331
90 332
91 332
92 332
93 331
94 331
95 331
96 331
97 331
98 331
99 331
100 331
101 331
102 331
103 331
104 331
105 331
106 331
107 331
108 331
109 334
109 335
109 336
109 337
109 338
109 339
109 340
110 331
111 331
112 331
113 331
114 331
115 331
116 331
117 331
118 331
119 331
120 331
121 331
110 333
111 333
112 333
113 333
114 333
115 333
116 333
117 333
118 333
119 333
120 333
121 333
122 331
123 334
124 334
125 334
123 341
124 341
125 341
123 342
124 342
125 342
126 332
127 331
128 331
129 331
130 333
131 333
132 333
133 333
134 332
135 331
136 331
137 331
138 333
139 333
140 333
141 333
142 333
143 333
144 333
145 333
146 333
147 333
148 333
149 333
150 333
151 333
152 333
153 333
154 333
155 333
156 333
157 333
158 333
159 333
160 333
161 333
162 333
163 333
164 333
165 333
166 333
167 333
168 333
169 333
170 333
171 333
172 333
173 333
174 333
175 333
176 333
177 333
178 333
179 333
180 333
181 333
182 333
183 333
184 332
185 333
186 333
187 333
188 333
189 333
29 333
190 333
191 333
192 333
193 333
194 333
195 333
196 333
197 333
198 333
199 333
200 333
200 332
201 343
202 343
203 333
204 333
205 333
206 333
207 333
208 333
209 333
210 333
211 333
212 333
213 333
214 331
215 331
216 331
217 333
218 333
219 333
220 333
221 333
222 333
223 333
224 333
225 333
226 333
227 333
228 333
229 333
230 333
231 333
232 333
233 333
234 333
235 333
236 333
237 333
238 333
239 333
240 333
241 333
242 333
243 333
123 344
124 344
125 344
123 345
124 345
125 345
123 343
124 343
125 343
244 333
245 333
246 333
247 333
248 333
249 333
250 333
251 333
252 333
253 333
254 333
255 333
256 333
257 333
258 333
259 333
260 333
261 333
262 333
263 333
264 333
265 333
266 333
267 333
268 333
269 333
270 333
271 333
272 333
273 333
274 333
275 333
276 333
277 333
278 333
279 333
280 333
281 333
282 333
283 333
284 333
285 333
286 333
287 333
288 333
289 333
290 333
291 333
292 333
293 333
294 333
295 333
296 333
297 333
298 333
299 333
300 333
301 333
302 333
303 333
304 333
305 333
306 333
307 333
8 333
9 333
10 333
11 333
308 333
309 333
310 333
311 333
312 333
313 333
314 333
315 333
316 333
317 333
184 333
123 333
124 333
125 333
123 331
124 331
125 331
90 331
135 333
123 332
124 332
125 332
126 331
318 333
319 333
320 333
31 333
32 333
91 331
80 346
321 333
214 333
215 333
51 331
322 333
50 331
323 333
324 333
81 333
82 333
30 331
325 333
184 331
326 333
109 331
29 331
13 333
14 333
15 333
31 331
32 331
327 333
328 333
329 333
330 333
92 331
